X0
-1.31145782 -0.22736426
-1.30291796 -0.19566871
-1.27125904 -0.19891355
-1.22711541 -0.22859482
-1.26347518 -0.24933136
-1.31940964 -0.22650263
-1.42497090 -0.28025598
-1.41347436 -0.21690913
-1.39893752 -0.16281530
-1.39305010 -0.12389764
-1.37565915 -0.07759390
-1.35935696 -0.04648142
-1.31024910 -0.00794985
-1.28393135 0.03324476
-1.24055094 0.10283892
-1.18214055 0.14904123
-1.14235784 0.18840763
-1.07184376 0.25209794
-1.04478733 0.33188608
-1.04278252 0.62081652
-0.98522955 0.93399703
-0.86964681 1.30092877
-0.80656626 1.46571408
-0.66146164 1.76377992
-0.73119121 1.57473032
-0.83198175 1.28734734
-0.89533337 1.03639038
-0.91770617 0.77656703
-0.91641226 0.59211210
-0.87133839 0.41739022
-0.82169582 0.27140681
-0.74106388 0.15846243
-0.70389936 0.10322004
-0.59797634 0.04771627
-0.50945755 0.00261754
-0.43383166 -0.04299029
-0.34850738 -0.08943888
-0.22266306 -0.17243676
-0.10401408 -0.25834761
0.01764034 -0.32306915
0.06416759 -0.29872806
0.09019651 -0.22142666
0.05743308 -0.10529127
0.03285113 0.06616411
-0.00169436 0.27035704
0.09605457 0.32777518
0.17831333 0.42932552
0.20040739 0.29964353
0.23869267 0.16041499
0.31604111 -0.01522318
0.35760952 -0.15252022
0.47444888 -0.35789916
0.55027323 -0.51389521
0.63996511 -0.71835253
0.75012028 -0.91331640
0.85229111 -1.06560490
0.94261145 -1.17223685
1.01997724 -1.29359023
1.04043633 -1.36958188
0.95188595 -1.30975066
0.84358827 -1.21761619
0.72302842 -1.13819190
0.58644853 -1.08496743
0.45451231 -0.98555242
0.36460399 -0.90472441
0.25561435 -0.79515617
0.17084045 -0.73109579
0.01992820 -0.67177299
-0.10490431 -0.60374743
-0.20819467 -0.58728382
-0.32618263 -0.58969813
-0.37639549 -0.58040108
-0.27196203 -0.65785082
-0.15050740 -0.74204598
-0.06396115 -0.78398826
0.04687995 -0.84353245
-0.00824540 -0.83322120
-0.19445794 -0.79505335
-0.38673881 -0.75220093
-0.50347646 -0.71378617
-0.64495711 -0.64783966
-0.72848201 -0.58607826
-0.84491432 -0.51006222
-0.89263929 -0.49060589
-1.08853933 -0.42503275
-1.20465974 -0.41439127
-1.31031217 -0.37106106
-1.38318883 -0.32675359
-1.41708325 -0.28111563
-0.28181282 -0.79432332
-0.12670005 -0.82850774

X10
-1.31145782 -0.22736426
-1.30291796 -0.19566871
-1.27125904 -0.19891355
-1.22711541 -0.22859482
-1.26347518 -0.24933136
-1.31940964 -0.22650263
-1.42497090 -0.28025598
-1.41347436 -0.21690913
-1.39893752 -0.16281530
-1.39305010 -0.12389764
-1.37565915 -0.07759390
-1.35935696 -0.04648142
-1.31024910 -0.00794985
-1.28393135 0.03324476
-1.24055094 0.10283892
-1.18214055 0.14904123
-1.14235784 0.18840763
-1.07184376 0.25209794
-1.04478733 0.33188608
-1.04278252 0.62081652
-0.98522955 0.93399703
-0.86964681 1.30092877
-0.80656626 1.46571408
-0.66146164 1.76377992
-0.73119121 1.57473032
-0.83198175 1.28734734
-0.89533337 1.03639038
-0.91770617 0.77656703
-0.91641226 0.59211210
-0.87133839 0.41739022
-0.82169582 0.27140681
-0.74106388 0.15846243
-0.70389936 0.10322004
-0.59797634 0.04771627
-0.50945755 0.00261754
-0.43383166 -0.04299029
-0.34850738 -0.08943888
-0.22266306 -0.17243676
-0.10401408 -0.25834761
0.01764034 -0.32306915
0.06416759 -0.29872806
0.09019651 -0.22142666
0.05743308 -0.10529127
0.03285113 0.06616411
-0.00169436 0.27035704
0.09605457 0.32777518
0.17831333 0.42932552
0.20040739 0.29964353
0.23869267 0.16041499
0.31604111 -0.01522318
0.35760952 -0.15252022
0.47444888 -0.35789916
0.55027323 -0.51389521
0.63996511 -0.71835253
0.75012028 -0.91331640
0.85229111 -1.06560490
0.94261145 -1.17223685
1.01997724 -1.29359023
1.04043633 -1.36958188
0.95188595 -1.30975066
0.84358827 -1.21761619
0.72302842 -1.13819190
0.58644853 -1.08496743
0.45451231 -0.98555242
0.36460399 -0.90472441
0.25561435 -0.79515617
0.17084045 -0.73109579
0.01992820 -0.67177299
-0.10490431 -0.60374743
-0.20819467 -0.58728382
-0.32618263 -0.58969813
-0.37639549 -0.58040108
-0.27196203 -0.65785082
-0.15050740 -0.74204598
-0.06396115 -0.78398826
0.04687995 -0.84353245
-0.00824540 -0.83322120
-0.19445794 -0.79505335
-0.38673881 -0.75220093
-0.50347646 -0.71378617
-0.64495711 -0.64783966
-0.72848201 -0.58607826
-0.84491432 -0.51006222
-0.89263929 -0.49060589
-1.08853933 -0.42503275
-1.20465974 -0.41439127
-1.31031217 -0.37106106
-1.38318883 -0.32675359
-1.41708325 -0.28111563
-0.28181282 -0.79432332
-0.12670005 -0.82850774
0.46361969 0.23111284
0.96747012 0.35767266
0.20996310 -1.12787493
0.77761797 0.94700133
-0.30969615 -0.83504143
0.15689485 0.24172497
1.04129307 0.87989697
-0.45611085 -0.43858727
-0.77875530 0.23442476

X20
-1.31145782 -0.22736426
-1.30291796 -0.19566871
-1.27125904 -0.19891355
-1.22711541 -0.22859482
-1.26347518 -0.24933136
-1.31940964 -0.22650263
-1.42497090 -0.28025598
-1.41347436 -0.21690913
-1.39893752 -0.16281530
-1.39305010 -0.12389764
-1.37565915 -0.07759390
-1.35935696 -0.04648142
-1.31024910 -0.00794985
-1.28393135 0.03324476
-1.24055094 0.10283892
-1.18214055 0.14904123
-1.14235784 0.18840763
-1.07184376 0.25209794
-1.04478733 0.33188608
-1.04278252 0.62081652
-0.98522955 0.93399703
-0.86964681 1.30092877
-0.80656626 1.46571408
-0.66146164 1.76377992
-0.73119121 1.57473032
-0.83198175 1.28734734
-0.89533337 1.03639038
-0.91770617 0.77656703
-0.91641226 0.59211210
-0.87133839 0.41739022
-0.82169582 0.27140681
-0.74106388 0.15846243
-0.70389936 0.10322004
-0.59797634 0.04771627
-0.50945755 0.00261754
-0.43383166 -0.04299029
-0.34850738 -0.08943888
-0.22266306 -0.17243676
-0.10401408 -0.25834761
0.01764034 -0.32306915
0.06416759 -0.29872806
0.09019651 -0.22142666
0.05743308 -0.10529127
0.03285113 0.06616411
-0.00169436 0.27035704
0.09605457 0.32777518
0.17831333 0.42932552
0.20040739 0.29964353
0.23869267 0.16041499
0.31604111 -0.01522318
0.35760952 -0.15252022
0.47444888 -0.35789916
0.55027323 -0.51389521
0.63996511 -0.71835253
0.75012028 -0.91331640
0.85229111 -1.06560490
0.94261145 -1.17223685
1.01997724 -1.29359023
1.04043633 -1.36958188
0.95188595 -1.30975066
0.84358827 -1.21761619
0.72302842 -1.13819190
0.58644853 -1.08496743
0.45451231 -0.98555242
0.36460399 -0.90472441
0.25561435 -0.79515617
0.17084045 -0.73109579
0.01992820 -0.67177299
-0.10490431 -0.60374743
-0.20819467 -0.58728382
-0.32618263 -0.58969813
-0.37639549 -0.58040108
-0.27196203 -0.65785082
-0.15050740 -0.74204598
-0.06396115 -0.78398826
0.04687995 -0.84353245
-0.00824540 -0.83322120
-0.19445794 -0.79505335
-0.38673881 -0.75220093
-0.50347646 -0.71378617
-0.64495711 -0.64783966
-0.72848201 -0.58607826
-0.84491432 -0.51006222
-0.89263929 -0.49060589
-1.08853933 -0.42503275
-1.20465974 -0.41439127
-1.31031217 -0.37106106
-1.38318883 -0.32675359
-1.41708325 -0.28111563
-0.28181282 -0.79432332
-0.12670005 -0.82850774
-1.12220045 1.04411279
0.15342273 0.73095213
0.14161838 -0.48931251
0.79835234 0.27549096
-0.70219383 -0.42627043
0.30497661 -0.83603876
-0.19974520 -0.05057412
-0.64543741 -0.73099649
0.11445664 0.81706483
-0.52597369 0.16376156
1.00768238 0.12279312
1.08978438 -0.24015796
-1.00799572 -0.33041868
-1.19734791 -0.86835452
-0.32445146 0.44189790
0.14226687 -0.49548489
-0.70539789 0.56279160
-1.18191339 -0.76891726

X30
-1.31145782 -0.22736426
-1.30291796 -0.19566871
-1.27125904 -0.19891355
-1.22711541 -0.22859482
-1.26347518 -0.24933136
-1.31940964 -0.22650263
-1.42497090 -0.28025598
-1.41347436 -0.21690913
-1.39893752 -0.16281530
-1.39305010 -0.12389764
-1.37565915 -0.07759390
-1.35935696 -0.04648142
-1.31024910 -0.00794985
-1.28393135 0.03324476
-1.24055094 0.10283892
-1.18214055 0.14904123
-1.14235784 0.18840763
-1.07184376 0.25209794
-1.04478733 0.33188608
-1.04278252 0.62081652
-0.98522955 0.93399703
-0.86964681 1.30092877
-0.80656626 1.46571408
-0.66146164 1.76377992
-0.73119121 1.57473032
-0.83198175 1.28734734
-0.89533337 1.03639038
-0.91770617 0.77656703
-0.91641226 0.59211210
-0.87133839 0.41739022
-0.82169582 0.27140681
-0.74106388 0.15846243
-0.70389936 0.10322004
-0.59797634 0.04771627
-0.50945755 0.00261754
-0.43383166 -0.04299029
-0.34850738 -0.08943888
-0.22266306 -0.17243676
-0.10401408 -0.25834761
0.01764034 -0.32306915
0.06416759 -0.29872806
0.09019651 -0.22142666
0.05743308 -0.10529127
0.03285113 0.06616411
-0.00169436 0.27035704
0.09605457 0.32777518
0.17831333 0.42932552
0.20040739 0.29964353
0.23869267 0.16041499
0.31604111 -0.01522318
0.35760952 -0.15252022
0.47444888 -0.35789916
0.55027323 -0.51389521
0.63996511 -0.71835253
0.75012028 -0.91331640
0.85229111 -1.06560490
0.94261145 -1.17223685
1.01997724 -1.29359023
1.04043633 -1.36958188
0.95188595 -1.30975066
0.84358827 -1.21761619
0.72302842 -1.13819190
0.58644853 -1.08496743
0.45451231 -0.98555242
0.36460399 -0.90472441
0.25561435 -0.79515617
0.17084045 -0.73109579
0.01992820 -0.67177299
-0.10490431 -0.60374743
-0.20819467 -0.58728382
-0.32618263 -0.58969813
-0.37639549 -0.58040108
-0.27196203 -0.65785082
-0.15050740 -0.74204598
-0.06396115 -0.78398826
0.04687995 -0.84353245
-0.00824540 -0.83322120
-0.19445794 -0.79505335
-0.38673881 -0.75220093
-0.50347646 -0.71378617
-0.64495711 -0.64783966
-0.72848201 -0.58607826
-0.84491432 -0.51006222
-0.89263929 -0.49060589
-1.08853933 -0.42503275
-1.20465974 -0.41439127
-1.31031217 -0.37106106
-1.38318883 -0.32675359
-1.41708325 -0.28111563
-0.28181282 -0.79432332
-0.12670005 -0.82850774
0.10296857 0.58128226
0.15875629 0.62676305
-1.15680112 0.64736870
0.40202903 1.10827120
-0.79741216 0.18703274
0.42481477 -0.72570556
-0.01755783 0.81301037
0.50723055 0.65162672
0.13198068 0.42690116
0.76533496 0.54143966
-1.03440813 1.08411359
0.80124952 -0.08624375
-0.54164378 -0.71453967
-0.79872248 0.59413004
-0.15142600 -0.96021357
0.67606409 0.56772022
-0.98466193 0.89615278
1.11532825 0.42599290
-0.11048015 -1.05941893
-0.63666269 -0.63230810
0.48811783 -0.05653210
-0.04155550 0.79293436
-0.81611112 1.14994583
0.50892465 0.95918807
0.03070703 -0.84110896
-0.75651745 -0.88070399
-0.53594825 -0.55893482

X40
-1.31145782 -0.22736426
-1.30291796 -0.19566871
-1.27125904 -0.19891355
-1.22711541 -0.22859482
-1.26347518 -0.24933136
-1.31940964 -0.22650263
-1.42497090 -0.28025598
-1.41347436 -0.21690913
-1.39893752 -0.16281530
-1.39305010 -0.12389764
-1.37565915 -0.07759390
-1.35935696 -0.04648142
-1.31024910 -0.00794985
-1.28393135 0.03324476
-1.24055094 0.10283892
-1.18214055 0.14904123
-1.14235784 0.18840763
-1.07184376 0.25209794
-1.04478733 0.33188608
-1.04278252 0.62081652
-0.98522955 0.93399703
-0.86964681 1.30092877
-0.80656626 1.46571408
-0.66146164 1.76377992
-0.73119121 1.57473032
-0.83198175 1.28734734
-0.89533337 1.03639038
-0.91770617 0.77656703
-0.91641226 0.59211210
-0.87133839 0.41739022
-0.82169582 0.27140681
-0.74106388 0.15846243
-0.70389936 0.10322004
-0.59797634 0.04771627
-0.50945755 0.00261754
-0.43383166 -0.04299029
-0.34850738 -0.08943888
-0.22266306 -0.17243676
-0.10401408 -0.25834761
0.01764034 -0.32306915
0.06416759 -0.29872806
0.09019651 -0.22142666
0.05743308 -0.10529127
0.03285113 0.06616411
-0.00169436 0.27035704
0.09605457 0.32777518
0.17831333 0.42932552
0.20040739 0.29964353
0.23869267 0.16041499
0.31604111 -0.01522318
0.35760952 -0.15252022
0.47444888 -0.35789916
0.55027323 -0.51389521
0.63996511 -0.71835253
0.75012028 -0.91331640
0.85229111 -1.06560490
0.94261145 -1.17223685
1.01997724 -1.29359023
1.04043633 -1.36958188
0.95188595 -1.30975066
0.84358827 -1.21761619
0.72302842 -1.13819190
0.58644853 -1.08496743
0.45451231 -0.98555242
0.36460399 -0.90472441
0.25561435 -0.79515617
0.17084045 -0.73109579
0.01992820 -0.67177299
-0.10490431 -0.60374743
-0.20819467 -0.58728382
-0.32618263 -0.58969813
-0.37639549 -0.58040108
-0.27196203 -0.65785082
-0.15050740 -0.74204598
-0.06396115 -0.78398826
0.04687995 -0.84353245
-0.00824540 -0.83322120
-0.19445794 -0.79505335
-0.38673881 -0.75220093
-0.50347646 -0.71378617
-0.64495711 -0.64783966
-0.72848201 -0.58607826
-0.84491432 -0.51006222
-0.89263929 -0.49060589
-1.08853933 -0.42503275
-1.20465974 -0.41439127
-1.31031217 -0.37106106
-1.38318883 -0.32675359
-1.41708325 -0.28111563
-0.28181282 -0.79432332
-0.12670005 -0.82850774
0.05124996 1.16130572
-0.00798689 0.62558958
1.09179415 -0.69620758
0.39995932 0.06238706
0.20355456 -0.91902615
0.75833754 0.92761168
-0.25456942 0.14060456
-0.39248928 -0.12365154
-0.41245004 -0.35695258
0.52981635 -0.48900603
1.08679350 -0.49107161
-1.04433530 -0.27373518
0.22334624 -1.05074437
-0.98927566 -0.17264502
0.51600098 -0.85520765
1.13635991 -1.08481997
-0.81191802 -1.07055773
-0.22253605 0.17068692
-0.91963287 0.57802226
0.96540951 1.17249280
1.06767542 -0.80231426
0.84765486 0.22645620
-0.93618893 0.34879156
-0.12512980 0.27664052
0.45398899 -0.58576415
-0.40521392 -0.20406764
0.20369389 -0.64228425
-0.55246691 0.61665357
0.28508683 0.62220672
0.21236487 0.51616047
-0.72901195 -0.09386410
0.44928021 -1.07446779
1.15783932 -1.05210175
-1.01985088 -0.66395290
-1.16233731 -0.60398074
-0.05547900 1.07021560

