X0
-1.31145782 -0.22736426
-1.30291796 -0.19566871
-1.27125904 -0.19891355
-1.22711541 -0.22859482
-1.26347518 -0.24933136
-1.31940964 -0.22650263
-1.42497090 -0.28025598
-1.41347436 -0.21690913
-1.39893752 -0.16281530
-1.39305010 -0.12389764
-1.37565915 -0.07759390
-1.35935696 -0.04648142
-1.31024910 -0.00794985
-1.28393135 0.03324476
-1.24055094 0.10283892
-1.18214055 0.14904123
-1.14235784 0.18840763
-1.07184376 0.25209794
-1.04478733 0.33188608
-1.04278252 0.62081652
-0.98522955 0.93399703
-0.86964681 1.30092877
-0.80656626 1.46571408
-0.66146164 1.76377992
-0.73119121 1.57473032
-0.83198175 1.28734734
-0.89533337 1.03639038
-0.91770617 0.77656703
-0.91641226 0.59211210
-0.87133839 0.41739022
-0.82169582 0.27140681
-0.74106388 0.15846243
-0.70389936 0.10322004
-0.59797634 0.04771627
-0.50945755 0.00261754
-0.43383166 -0.04299029
-0.34850738 -0.08943888
-0.22266306 -0.17243676
-0.10401408 -0.25834761
0.01764034 -0.32306915
0.06416759 -0.29872806
0.09019651 -0.22142666
0.05743308 -0.10529127
0.03285113 0.06616411
-0.00169436 0.27035704
0.09605457 0.32777518
0.17831333 0.42932552
0.20040739 0.29964353
0.23869267 0.16041499
0.31604111 -0.01522318
0.35760952 -0.15252022
0.47444888 -0.35789916
0.55027323 -0.51389521
0.63996511 -0.71835253
0.75012028 -0.91331640
0.85229111 -1.06560490
0.94261145 -1.17223685
1.01997724 -1.29359023
1.04043633 -1.36958188
0.95188595 -1.30975066
0.84358827 -1.21761619
0.72302842 -1.13819190
0.58644853 -1.08496743
0.45451231 -0.98555242
0.36460399 -0.90472441
0.25561435 -0.79515617
0.17084045 -0.73109579
0.01992820 -0.67177299
-0.10490431 -0.60374743
-0.20819467 -0.58728382
-0.32618263 -0.58969813
-0.37639549 -0.58040108
-0.27196203 -0.65785082
-0.15050740 -0.74204598
-0.06396115 -0.78398826
0.04687995 -0.84353245
-0.00824540 -0.83322120
-0.19445794 -0.79505335
-0.38673881 -0.75220093
-0.50347646 -0.71378617
-0.64495711 -0.64783966
-0.72848201 -0.58607826
-0.84491432 -0.51006222
-0.89263929 -0.49060589
-1.08853933 -0.42503275
-1.20465974 -0.41439127
-1.31031217 -0.37106106
-1.38318883 -0.32675359
-1.41708325 -0.28111563
-0.28181282 -0.79432332
-0.12670005 -0.82850774

X10
-1.31145782 -0.22736426
-1.30291796 -0.19566871
-1.27125904 -0.19891355
-1.22711541 -0.22859482
-1.26347518 -0.24933136
-1.31940964 -0.22650263
-1.42497090 -0.28025598
-1.41347436 -0.21690913
-1.39893752 -0.16281530
-1.39305010 -0.12389764
-1.37565915 -0.07759390
-1.35935696 -0.04648142
-1.31024910 -0.00794985
-1.28393135 0.03324476
-1.24055094 0.10283892
-1.18214055 0.14904123
-1.14235784 0.18840763
-1.07184376 0.25209794
-1.04478733 0.33188608
-1.04278252 0.62081652
-0.98522955 0.93399703
-0.86964681 1.30092877
-0.80656626 1.46571408
-0.66146164 1.76377992
-0.73119121 1.57473032
-0.83198175 1.28734734
-0.89533337 1.03639038
-0.91770617 0.77656703
-0.91641226 0.59211210
-0.87133839 0.41739022
-0.82169582 0.27140681
-0.74106388 0.15846243
-0.70389936 0.10322004
-0.59797634 0.04771627
-0.50945755 0.00261754
-0.43383166 -0.04299029
-0.34850738 -0.08943888
-0.22266306 -0.17243676
-0.10401408 -0.25834761
0.01764034 -0.32306915
0.06416759 -0.29872806
0.09019651 -0.22142666
0.05743308 -0.10529127
0.03285113 0.06616411
-0.00169436 0.27035704
0.09605457 0.32777518
0.17831333 0.42932552
0.20040739 0.29964353
0.23869267 0.16041499
0.31604111 -0.01522318
0.35760952 -0.15252022
0.47444888 -0.35789916
0.55027323 -0.51389521
0.63996511 -0.71835253
0.75012028 -0.91331640
0.85229111 -1.06560490
0.94261145 -1.17223685
1.01997724 -1.29359023
1.04043633 -1.36958188
0.95188595 -1.30975066
0.84358827 -1.21761619
0.72302842 -1.13819190
0.58644853 -1.08496743
0.45451231 -0.98555242
0.36460399 -0.90472441
0.25561435 -0.79515617
0.17084045 -0.73109579
0.01992820 -0.67177299
-0.10490431 -0.60374743
-0.20819467 -0.58728382
-0.32618263 -0.58969813
-0.37639549 -0.58040108
-0.27196203 -0.65785082
-0.15050740 -0.74204598
-0.06396115 -0.78398826
0.04687995 -0.84353245
-0.00824540 -0.83322120
-0.19445794 -0.79505335
-0.38673881 -0.75220093
-0.50347646 -0.71378617
-0.64495711 -0.64783966
-0.72848201 -0.58607826
-0.84491432 -0.51006222
-0.89263929 -0.49060589
-1.08853933 -0.42503275
-1.20465974 -0.41439127
-1.31031217 -0.37106106
-1.38318883 -0.32675359
-1.41708325 -0.28111563
-0.28181282 -0.79432332
-0.12670005 -0.82850774
-1.06248783 -0.84095545
-0.15968163 0.96848240
0.00353642 -1.13532777
0.04323766 -1.12873499
-0.21278455 -0.03897784
-0.18416410 -0.13078138
0.61368553 -1.09420356
1.10154659 0.62419954
0.20004846 0.42486420

X20
-1.31145782 -0.22736426
-1.30291796 -0.19566871
-1.27125904 -0.19891355
-1.22711541 -0.22859482
-1.26347518 -0.24933136
-1.31940964 -0.22650263
-1.42497090 -0.28025598
-1.41347436 -0.21690913
-1.39893752 -0.16281530
-1.39305010 -0.12389764
-1.37565915 -0.07759390
-1.35935696 -0.04648142
-1.31024910 -0.00794985
-1.28393135 0.03324476
-1.24055094 0.10283892
-1.18214055 0.14904123
-1.14235784 0.18840763
-1.07184376 0.25209794
-1.04478733 0.33188608
-1.04278252 0.62081652
-0.98522955 0.93399703
-0.86964681 1.30092877
-0.80656626 1.46571408
-0.66146164 1.76377992
-0.73119121 1.57473032
-0.83198175 1.28734734
-0.89533337 1.03639038
-0.91770617 0.77656703
-0.91641226 0.59211210
-0.87133839 0.41739022
-0.82169582 0.27140681
-0.74106388 0.15846243
-0.70389936 0.10322004
-0.59797634 0.04771627
-0.50945755 0.00261754
-0.43383166 -0.04299029
-0.34850738 -0.08943888
-0.22266306 -0.17243676
-0.10401408 -0.25834761
0.01764034 -0.32306915
0.06416759 -0.29872806
0.09019651 -0.22142666
0.05743308 -0.10529127
0.03285113 0.06616411
-0.00169436 0.27035704
0.09605457 0.32777518
0.17831333 0.42932552
0.20040739 0.29964353
0.23869267 0.16041499
0.31604111 -0.01522318
0.35760952 -0.15252022
0.47444888 -0.35789916
0.55027323 -0.51389521
0.63996511 -0.71835253
0.75012028 -0.91331640
0.85229111 -1.06560490
0.94261145 -1.17223685
1.01997724 -1.29359023
1.04043633 -1.36958188
0.95188595 -1.30975066
0.84358827 -1.21761619
0.72302842 -1.13819190
0.58644853 -1.08496743
0.45451231 -0.98555242
0.36460399 -0.90472441
0.25561435 -0.79515617
0.17084045 -0.73109579
0.01992820 -0.67177299
-0.10490431 -0.60374743
-0.20819467 -0.58728382
-0.32618263 -0.58969813
-0.37639549 -0.58040108
-0.27196203 -0.65785082
-0.15050740 -0.74204598
-0.06396115 -0.78398826
0.04687995 -0.84353245
-0.00824540 -0.83322120
-0.19445794 -0.79505335
-0.38673881 -0.75220093
-0.50347646 -0.71378617
-0.64495711 -0.64783966
-0.72848201 -0.58607826
-0.84491432 -0.51006222
-0.89263929 -0.49060589
-1.08853933 -0.42503275
-1.20465974 -0.41439127
-1.31031217 -0.37106106
-1.38318883 -0.32675359
-1.41708325 -0.28111563
-0.28181282 -0.79432332
-0.12670005 -0.82850774
-1.18012916 1.18183099
0.47629485 -1.02763202
1.15091052 0.58373926
-0.77444818 -0.34088854
0.90192766 0.50263609
-0.08084591 0.84155919
0.80102533 -0.50154065
0.88253680 0.70331776
0.44275981 0.52028572
0.24010642 0.93620618
0.04716735 0.32856636
0.80263968 -0.22614053
-0.07847739 -1.16817807
-0.25198010 -1.13911831
-0.01073571 0.80289423
-1.05755620 -0.60774891
1.19006023 -0.42171886
1.06855056 0.80721281

X30
-1.31145782 -0.22736426
-1.30291796 -0.19566871
-1.27125904 -0.19891355
-1.22711541 -0.22859482
-1.26347518 -0.24933136
-1.31940964 -0.22650263
-1.42497090 -0.28025598
-1.41347436 -0.21690913
-1.39893752 -0.16281530
-1.39305010 -0.12389764
-1.37565915 -0.07759390
-1.35935696 -0.04648142
-1.31024910 -0.00794985
-1.28393135 0.03324476
-1.24055094 0.10283892
-1.18214055 0.14904123
-1.14235784 0.18840763
-1.07184376 0.25209794
-1.04478733 0.33188608
-1.04278252 0.62081652
-0.98522955 0.93399703
-0.86964681 1.30092877
-0.80656626 1.46571408
-0.66146164 1.76377992
-0.73119121 1.57473032
-0.83198175 1.28734734
-0.89533337 1.03639038
-0.91770617 0.77656703
-0.91641226 0.59211210
-0.87133839 0.41739022
-0.82169582 0.27140681
-0.74106388 0.15846243
-0.70389936 0.10322004
-0.59797634 0.04771627
-0.50945755 0.00261754
-0.43383166 -0.04299029
-0.34850738 -0.08943888
-0.22266306 -0.17243676
-0.10401408 -0.25834761
0.01764034 -0.32306915
0.06416759 -0.29872806
0.09019651 -0.22142666
0.05743308 -0.10529127
0.03285113 0.06616411
-0.00169436 0.27035704
0.09605457 0.32777518
0.17831333 0.42932552
0.20040739 0.29964353
0.23869267 0.16041499
0.31604111 -0.01522318
0.35760952 -0.15252022
0.47444888 -0.35789916
0.55027323 -0.51389521
0.63996511 -0.71835253
0.75012028 -0.91331640
0.85229111 -1.06560490
0.94261145 -1.17223685
1.01997724 -1.29359023
1.04043633 -1.36958188
0.95188595 -1.30975066
0.84358827 -1.21761619
0.72302842 -1.13819190
0.58644853 -1.08496743
0.45451231 -0.98555242
0.36460399 -0.90472441
0.25561435 -0.79515617
0.17084045 -0.73109579
0.01992820 -0.67177299
-0.10490431 -0.60374743
-0.20819467 -0.58728382
-0.32618263 -0.58969813
-0.37639549 -0.58040108
-0.27196203 -0.65785082
-0.15050740 -0.74204598
-0.06396115 -0.78398826
0.04687995 -0.84353245
-0.00824540 -0.83322120
-0.19445794 -0.79505335
-0.38673881 -0.75220093
-0.50347646 -0.71378617
-0.64495711 -0.64783966
-0.72848201 -0.58607826
-0.84491432 -0.51006222
-0.89263929 -0.49060589
-1.08853933 -0.42503275
-1.20465974 -0.41439127
-1.31031217 -0.37106106
-1.38318883 -0.32675359
-1.41708325 -0.28111563
-0.28181282 -0.79432332
-0.12670005 -0.82850774
0.99148680 0.66936327
-0.04497093 1.19609412
0.57028436 0.98950672
0.65076458 -0.03022277
1.05104511 1.06418703
-0.37753918 0.34336918
-0.98473296 0.41621235
-0.39653746 -0.21729602
-0.31641083 1.16602184
0.64670481 -0.07063491
-1.07334418 -1.06091802
-0.70885309 0.67740476
0.82357898 -0.27121777
-0.57158045 -0.28503697
-1.19459668 -0.73867336
0.45386393 -0.65452587
-1.07945117 0.16568815
0.75802783 -0.01624378
0.75100601 0.18967444
-0.22584125 -1.12592214
-0.54665244 -0.32129111
0.50763426 1.06663882
0.97019709 -0.38980708
0.33929417 -0.82589607
-0.56559341 0.50688254
-1.02469654 0.63771191
-0.50016110 -0.26124777

X40
-1.31145782 -0.22736426
-1.30291796 -0.19566871
-1.27125904 -0.19891355
-1.22711541 -0.22859482
-1.26347518 -0.24933136
-1.31940964 -0.22650263
-1.42497090 -0.28025598
-1.41347436 -0.21690913
-1.39893752 -0.16281530
-1.39305010 -0.12389764
-1.37565915 -0.07759390
-1.35935696 -0.04648142
-1.31024910 -0.00794985
-1.28393135 0.03324476
-1.24055094 0.10283892
-1.18214055 0.14904123
-1.14235784 0.18840763
-1.07184376 0.25209794
-1.04478733 0.33188608
-1.04278252 0.62081652
-0.98522955 0.93399703
-0.86964681 1.30092877
-0.80656626 1.46571408
-0.66146164 1.76377992
-0.73119121 1.57473032
-0.83198175 1.28734734
-0.89533337 1.03639038
-0.91770617 0.77656703
-0.91641226 0.59211210
-0.87133839 0.41739022
-0.82169582 0.27140681
-0.74106388 0.15846243
-0.70389936 0.10322004
-0.59797634 0.04771627
-0.50945755 0.00261754
-0.43383166 -0.04299029
-0.34850738 -0.08943888
-0.22266306 -0.17243676
-0.10401408 -0.25834761
0.01764034 -0.32306915
0.06416759 -0.29872806
0.09019651 -0.22142666
0.05743308 -0.10529127
0.03285113 0.06616411
-0.00169436 0.27035704
0.09605457 0.32777518
0.17831333 0.42932552
0.20040739 0.29964353
0.23869267 0.16041499
0.31604111 -0.01522318
0.35760952 -0.15252022
0.47444888 -0.35789916
0.55027323 -0.51389521
0.63996511 -0.71835253
0.75012028 -0.91331640
0.85229111 -1.06560490
0.94261145 -1.17223685
1.01997724 -1.29359023
1.04043633 -1.36958188
0.95188595 -1.30975066
0.84358827 -1.21761619
0.72302842 -1.13819190
0.58644853 -1.08496743
0.45451231 -0.98555242
0.36460399 -0.90472441
0.25561435 -0.79515617
0.17084045 -0.73109579
0.01992820 -0.67177299
-0.10490431 -0.60374743
-0.20819467 -0.58728382
-0.32618263 -0.58969813
-0.37639549 -0.58040108
-0.27196203 -0.65785082
-0.15050740 -0.74204598
-0.06396115 -0.78398826
0.04687995 -0.84353245
-0.00824540 -0.83322120
-0.19445794 -0.79505335
-0.38673881 -0.75220093
-0.50347646 -0.71378617
-0.64495711 -0.64783966
-0.72848201 -0.58607826
-0.84491432 -0.51006222
-0.89263929 -0.49060589
-1.08853933 -0.42503275
-1.20465974 -0.41439127
-1.31031217 -0.37106106
-1.38318883 -0.32675359
-1.41708325 -0.28111563
-0.28181282 -0.79432332
-0.12670005 -0.82850774
1.18978021 0.02350484
0.13970095 -1.18777662
0.98381382 -0.14834704
0.67726516 -0.25750581
1.05833500 -1.00023426
0.04075119 -0.33168433
0.37252128 -0.92339965
0.13976245 1.02089968
0.76937457 -0.01245777
-0.33933657 0.05053541
0.97345338 0.47032185
-0.39594041 1.19049652
-0.04536232 -0.93377727
-0.25756771 0.60852051
1.12016151 0.39705270
0.60476210 -0.39011864
0.11584419 -0.33618850
-0.21526628 -0.94902274
1.07282199 0.93158954
-0.32055734 -0.56384758
0.36305345 -0.22386159
0.61126290 0.19688861
0.79236111 0.20221563
-0.15252799 0.24745419
0.69012041 -0.87641583
-0.01009982 -0.08997913
-0.58258462 0.29140230
-1.06757531 -0.73383370
0.07001157 0.10197045
0.81776851 -0.93192296
-1.14484308 -0.27819036
1.01373600 0.90583187
-0.77148733 -0.65058767
-0.57153966 -0.56134539
-0.16841267 0.62444994
-0.05286377 -1.01441606

